========================================================================================================
SIZE-BIAS CHECK for the D8 roots override. v-raw / pre-validation, PIXEL units. Read-only.
========================================================================================================
  processed 542 WT  2_z06c1-2
  processed 542 WT  2_z18c1-2
  processed 543-2
  processed 543_3
  processed 543_z13c1-2
  processed 682_z08c1-2
  processed 682_z23c-2
  processed 682_z29c1-3

========================================================================================================
DISTRIBUTIONS
========================================================================================================

v2-KEPT INTERIOR lacunae (the accepted population):
  body area px^2                     n=  86  min=445.000  p10=937.500  p50=2173.500  p90=3903.500  max=5924.000
  roots (raw)                        n=  86  min=  2.000  p10=  4.000  p50=  7.000  p90= 11.500  max= 19.000
  roots per 100px perimeter          n=  86  min=  1.283  p10=  2.124  p50=  2.975  p90=  4.028  max=  5.784
  CORE roots (size-corrected)        n=  86  min=  2.000  p10=  4.000  p50=  7.000  p90= 11.500  max= 19.000
  core area px^2                     n=  86  min=445.000  p10=937.500  p50=2173.500  p90=3903.500  max=5924.000

v3-ONLY candidates passing (b)+(c) but failing (a) -- what an override would admit:
  body area px^2                     n=  80  min=420.000  p10=441.900  p50=1017.500  p90=4292.300  max=10694.000
  roots (raw)                        n=  80  min=  4.000  p10=  4.000  p50=  6.000  p90= 17.100  max= 35.000
  roots per 100px perimeter          n=  80  min=  3.059  p10=  3.702  p50=  5.178  p90=  7.115  max= 11.356
  CORE roots (size-corrected)        n=  80  min=  0.000  p10=  2.000  p50=  5.000  p90=  9.000  max= 12.000
  core area px^2                     n=  80  min=  5.000  p10= 23.500  p50=441.500  p90=1515.900  max=3536.000

  size inflation: candidate median body area 1018 px^2 vs v2-kept 2174 px^2 (0.47x)
  roots shrink under correction: candidates median 6.0 -> 5.0 core; v2-kept 7.0 -> 7.0 core

========================================================================================================
EVERY CANDIDATE (passes b+c, fails a)
========================================================================================================
image                      x     y    area  rel_I  roots  r/100px  core_r  core_a
542 WT  2_z06c1-2          7   927     494  0.721      4     4.21       4     256
542 WT  2_z18c1-2         81   687    2633  0.404     18     7.23      12     116
542 WT  2_z18c1-2        212   890    1197  0.554      7     5.19       6     326
542 WT  2_z18c1-2        997   846    1510  0.317      5     3.06       5    1510
542 WT  2_z18c1-2         75   256     441  0.501      4     5.18       2      13
542 WT  2_z18c1-2        228   328    1180  0.414      5     3.71       1       5
543-2                    998   149    1797  0.503     12     7.04      12    1797
543-2                    172  1006    3371  0.480     11     3.85       8    2002
543-2                   1004    98    1168  0.485      6     4.56       6    1168
543-2                    911   354     441  0.432      6     7.77       6     441
543-2                    966   608    1023  0.479      5     4.05       5    1023
543-2                    852    61     441  0.478      4     5.18       4     441
543-2                    950   108     887  0.471      4     3.51       4     887
543-2                    145   498     550  0.520      4     4.65       4     550
543-2                    239   942     524  0.483      4     4.76       4     524
543-2                    830   147    3634  0.505     19     6.04       3      41
543-2                    180   297    2455  0.496     13     5.59       2      46
543_3                     42   337   10612  0.670     24     4.77      11    3536
543_3                    982    87    1365  0.488      9     6.12       9    1365
543_3                    628  1012    1569  0.479      9     4.55       9    1569
543_3                    396   638    1830  0.476      8     4.53       8    1830
543_3                      9   682     595  0.473      7     7.00       7     595
543_3                    608   838     702  0.478      7     7.10       7     702
543_3                    877    52     574  0.527      6     6.79       6     574
543_3                     57   967     629  0.490      6     6.50       6     629
543_3                    846    58     466  0.478      5     6.31       5     466
543_3                      7   157     517  0.487      5     5.22       5     517
543_3                     36   171     865  0.504      5     4.48       5     865
543_3                    942    10     591  0.471      4     4.12       4     591
543_3                    183   282    7849  0.495     26     6.61       4      70
543_3                    926   342     695  0.493      4     4.08       4     695
543_3                     15   507     420  0.452      4     5.09       4     420
543_3                    590   961     852  0.556      4     3.65       3      82
543_3                    808    56    1248  0.537      6     4.45       2      17
543_3                    826   148     928  0.520      4     3.43       2      73
543_3                    481   454    3325  0.498     11     4.65       2     166
543_3                    114   493    4228  0.482     14     4.57       2      58
543_3                     49   826    1055  0.519     11     8.65       2      24
543_3                    292   856    4700  0.521     12     3.92       2     315
543_3                    148   224     770  0.512      5     4.80       1       5
543_z13c1-2             1001   146    1478  0.489      7     4.55       7    1478
543_z13c1-2              197   298     559  0.496      7     8.05       7     559
543_z13c1-2              836   186     497  0.526      6     7.31       6     497
543_z13c1-2              363   395    4247  0.541     17     6.42       4     170
543_z13c1-2              241   926     441  0.476      4     5.18       4     441
543_z13c1-2              616    96     995  0.601      6     4.97       3     186
543_z13c1-2               38   297    5632  0.509     18     5.48       2      26
543_z13c1-2               20   679     441  0.507      4     5.18       2       5
682_z08c1-2              710   334     838  0.364     11    10.03      11     838
682_z08c1-2              925   999    3020  0.391     10     4.19      10    2514
682_z08c1-2              308  1011    2231  0.416      9     4.03       9    2231
682_z08c1-2              642   322    1664  0.369      7     3.86       7    1664
682_z08c1-2               53   600    3922  0.483     16     5.73       7     434
682_z08c1-2              692   216    2326  0.463     12     4.92       5     304
682_z08c1-2              126   848    1288  0.491      6     4.40       4     189
682_z08c1-2              636   228     441  0.533      5     6.47       3     131
682_z23c-2               826    70   10694  0.405     35     4.71       9     440
682_z23c-2               980   972    7456  0.393     15     3.50       8    1354
682_z23c-2               906    52    4854  0.405     19     5.48       7      85
682_z23c-2               230   188    1012  0.392      7     5.90       7    1012
682_z23c-2                79   351    7146  0.336     28     5.62       7    1444
682_z23c-2               676   137     715  0.405      6     5.97       6     715
682_z23c-2               678   172     645  0.387      6     6.36       6     645
682_z23c-2               106   178     552  0.414      6     6.90       6     552
682_z23c-2               577   503     483  0.338      6     7.44       6     483
682_z23c-2              1016   672     528  0.386      5     5.09       5     528
682_z23c-2               312  1018     442  0.389      5     5.28       5     442
682_z23c-2               458   251     608  0.401      5     5.45       4      35
682_z23c-2               153   284     497  0.375      4     4.87       4     497
682_z23c-2               190   339     441  0.398      4     5.18       4     441
682_z23c-2               730   162     466  0.413      9    11.36       3      14
682_z23c-2               545   403    1311  0.383      9     6.24       3      19
682_z23c-2               745    60    1389  0.466      5     3.56       2     141
682_z23c-2               445   978    3112  0.365     15     6.47       1      45
682_z23c-2               721   122     719  0.385      5     5.00       0      11
682_z29c1-3              902    49    1743  0.452     11     6.37       7      68
682_z29c1-3              840    25    1464  0.457      6     3.35       5     115
682_z29c1-3              847   102    2341  0.480     12     5.87       5     259
682_z29c1-3              177   524     639  0.468      5     5.33       5     639
682_z29c1-3              857   725    2756  0.532      7     3.11       3     575

========================================================================================================
PER-IMAGE MEDIANS of the v2-kept population (what an override would compare against)
========================================================================================================
image                   med roots  med r/100px  med CORE roots
542 WT  2_z06c1-2             8.0         3.07             8.0
542 WT  2_z18c1-2             8.0         2.28             8.0
543-2                         7.5         3.53             7.5
543_3                         7.0         2.48             7.0
543_z13c1-2                   7.0         3.58             7.0
682_z08c1-2                   9.0         3.68             9.0
682_z23c-2                    6.0         2.87             6.0
682_z29c1-3                   5.0         2.80             5.0
